X		Y		Z		Vx		Vy		Vz
-0.832633, 	-1.178241, 	-0.517928, 	0.021402, 	0.007214, 	0.002730
-0.832612, 	-1.178234, 	-0.517926, 	0.030528, 	0.020127, 	0.008407
-0.832581, 	-1.178214, 	-0.517917, 	0.039653, 	0.033041, 	0.014084
-0.832542, 	-1.178181, 	-0.517903, 	0.048779, 	0.045955, 	0.019760
-0.832493, 	-1.178135, 	-0.517883, 	0.057904, 	0.058868, 	0.025436
-0.832435, 	-1.178076, 	-0.517858, 	0.067028, 	0.071780, 	0.031112
-0.832368, 	-1.178004, 	-0.517827, 	0.076152, 	0.084692, 	0.036788
-0.832292, 	-1.177920, 	-0.517790, 	0.085275, 	0.097603, 	0.042464
-0.832207, 	-1.177822, 	-0.517747, 	0.094397, 	0.110514, 	0.048139
-0.832112, 	-1.177711, 	-0.517699, 	0.103518, 	0.123423, 	0.053814
-0.832009, 	-1.177588, 	-0.517645, 	0.112638, 	0.136331, 	0.059488
-0.831896, 	-1.177452, 	-0.517586, 	0.121757, 	0.149238, 	0.065161
-0.831774, 	-1.177302, 	-0.517521, 	0.130875, 	0.162143, 	0.070834
-0.831643, 	-1.177140, 	-0.517450, 	0.139991, 	0.175046, 	0.076506
-0.831503, 	-1.176965, 	-0.517374, 	0.149106, 	0.187948, 	0.082178
-0.831354, 	-1.176777, 	-0.517291, 	0.158220, 	0.200848, 	0.087848
-0.831196, 	-1.176576, 	-0.517203, 	0.167332, 	0.213746, 	0.093518
-0.831029, 	-1.176363, 	-0.517110, 	0.176442, 	0.226641, 	0.099186
-0.830852, 	-1.176136, 	-0.517011, 	0.185550, 	0.239534, 	0.104854
-0.830667, 	-1.175897, 	-0.516906, 	0.194656, 	0.252425, 	0.110521
-0.830472, 	-1.175644, 	-0.516795, 	0.203761, 	0.265313, 	0.116186
-0.830268, 	-1.175379, 	-0.516679, 	0.212863, 	0.278198, 	0.121850
-0.830055, 	-1.175101, 	-0.516557, 	0.221963, 	0.291081, 	0.127513
-0.829833, 	-1.174810, 	-0.516430, 	0.231060, 	0.303960, 	0.133175
-0.829602, 	-1.174506, 	-0.516297, 	0.240155, 	0.316836, 	0.138835
-0.829362, 	-1.174189, 	-0.516158, 	0.249248, 	0.329709, 	0.144494
-0.829113, 	-1.173859, 	-0.516013, 	0.258338, 	0.342579, 	0.150151
-0.828855, 	-1.173516, 	-0.515863, 	0.267425, 	0.355444, 	0.155806
-0.828587, 	-1.173161, 	-0.515707, 	0.276510, 	0.368306, 	0.161460
-0.828311, 	-1.172793, 	-0.515546, 	0.285591, 	0.381165, 	0.167113
-0.828025, 	-1.172411, 	-0.515379, 	0.294670, 	0.394019, 	0.172763
-0.827730, 	-1.172017, 	-0.515206, 	0.303745, 	0.406869, 	0.178412
-0.827427, 	-1.171611, 	-0.515028, 	0.312817, 	0.419714, 	0.184059
-0.827114, 	-1.171191, 	-0.514844, 	0.321886, 	0.432555, 	0.189704
-0.826792, 	-1.170758, 	-0.514654, 	0.330951, 	0.445392, 	0.195346
-0.826461, 	-1.170313, 	-0.514459, 	0.340013, 	0.458224, 	0.200987
-0.826121, 	-1.169855, 	-0.514258, 	0.349071, 	0.471050, 	0.206626
-0.825772, 	-1.169384, 	-0.514051, 	0.358126, 	0.483872, 	0.212262
-0.825414, 	-1.168900, 	-0.513839, 	0.367177, 	0.496689, 	0.217896
-0.825047, 	-1.168403, 	-0.513621, 	0.376223, 	0.509500, 	0.223528
-0.824671, 	-1.167894, 	-0.513397, 	0.385266, 	0.522306, 	0.229157
-0.824285, 	-1.167371, 	-0.513168, 	0.394305, 	0.535107, 	0.234784
-0.823891, 	-1.166836, 	-0.512933, 	0.403339, 	0.547901, 	0.240409
-0.823488, 	-1.166288, 	-0.512693, 	0.412369, 	0.560690, 	0.246031
-0.823075, 	-1.165728, 	-0.512447, 	0.421395, 	0.573473, 	0.251650
-0.822654, 	-1.165154, 	-0.512195, 	0.430416, 	0.586250, 	0.257266
-0.822223, 	-1.164568, 	-0.511938, 	0.439432, 	0.599020, 	0.262880
-0.821784, 	-1.163969, 	-0.511675, 	0.448444, 	0.611784, 	0.268491
-0.821336, 	-1.163357, 	-0.511407, 	0.457451, 	0.624541, 	0.274099
-0.820878, 	-1.162732, 	-0.511133, 	0.466453, 	0.637292, 	0.279704
-0.820412, 	-1.162095, 	-0.510853, 	0.475450, 	0.650036, 	0.285306
-0.819936, 	-1.161445, 	-0.510567, 	0.484442, 	0.662773, 	0.290905
-0.819452, 	-1.160782, 	-0.510277, 	0.493428, 	0.675502, 	0.296501
-0.818958, 	-1.160107, 	-0.509980, 	0.502410, 	0.688225, 	0.302094
-0.818456, 	-1.159419, 	-0.509678, 	0.511386, 	0.700940, 	0.307684
-0.817945, 	-1.158718, 	-0.509370, 	0.520356, 	0.713647, 	0.313270
-0.817424, 	-1.158004, 	-0.509057, 	0.529321, 	0.726347, 	0.318853
-0.816895, 	-1.157278, 	-0.508738, 	0.538280, 	0.739039, 	0.324432
-0.816357, 	-1.156538, 	-0.508414, 	0.547234, 	0.751723, 	0.330008
-0.815809, 	-1.155787, 	-0.508084, 	0.556181, 	0.764399, 	0.335580
-0.815253, 	-1.155022, 	-0.507748, 	0.565123, 	0.777067, 	0.341149
-0.814688, 	-1.154245, 	-0.507407, 	0.574058, 	0.789726, 	0.346714
-0.814114, 	-1.153455, 	-0.507060, 	0.582987, 	0.802377, 	0.352275
-0.813531, 	-1.152653, 	-0.506708, 	0.591910, 	0.815019, 	0.357833
-0.812939, 	-1.151838, 	-0.506350, 	0.600827, 	0.827652, 	0.363386
-0.812338, 	-1.151010, 	-0.505987, 	0.609737, 	0.840277, 	0.368936
-0.811728, 	-1.150170, 	-0.505618, 	0.618640, 	0.852892, 	0.374482
-0.811110, 	-1.149317, 	-0.505243, 	0.627537, 	0.865498, 	0.380024
-0.810482, 	-1.148452, 	-0.504863, 	0.636427, 	0.878095, 	0.385561
-0.809846, 	-1.147574, 	-0.504478, 	0.645310, 	0.890682, 	0.391095
-0.809201, 	-1.146683, 	-0.504087, 	0.654186, 	0.903260, 	0.396624
-0.808546, 	-1.145780, 	-0.503690, 	0.663055, 	0.915828, 	0.402149
-0.807883, 	-1.144864, 	-0.503288, 	0.671917, 	0.928386, 	0.407669
-0.807212, 	-1.143935, 	-0.502880, 	0.680771, 	0.940934, 	0.413185
-0.806531, 	-1.142994, 	-0.502467, 	0.689618, 	0.953472, 	0.418697
-0.805841, 	-1.142041, 	-0.502048, 	0.698458, 	0.965999, 	0.424204
-0.805143, 	-1.141075, 	-0.501624, 	0.707290, 	0.978516, 	0.429707
-0.804435, 	-1.140097, 	-0.501194, 	0.716115, 	0.991023, 	0.435205
-0.803719, 	-1.139106, 	-0.500759, 	0.724932, 	1.003518, 	0.440698
-0.802994, 	-1.138102, 	-0.500318, 	0.733741, 	1.016003, 	0.446186
-0.802261, 	-1.137086, 	-0.499872, 	0.742542, 	1.028477, 	0.451670
-0.801518, 	-1.136058, 	-0.499421, 	0.751335, 	1.040940, 	0.457149
-0.800767, 	-1.135017, 	-0.498963, 	0.760119, 	1.053391, 	0.462622
-0.800007, 	-1.133963, 	-0.498501, 	0.768896, 	1.065831, 	0.468091
-0.799238, 	-1.132897, 	-0.498033, 	0.777664, 	1.078260, 	0.473555
-0.798460, 	-1.131819, 	-0.497559, 	0.786424, 	1.090677, 	0.479013
-0.797674, 	-1.130729, 	-0.497080, 	0.795176, 	1.103082, 	0.484467
-0.796879, 	-1.129626, 	-0.496596, 	0.803918, 	1.115475, 	0.489915
-0.796075, 	-1.128510, 	-0.496106, 	0.812652, 	1.127856, 	0.495358
-0.795262, 	-1.127382, 	-0.495610, 	0.821377, 	1.140224, 	0.500795
-0.794441, 	-1.126242, 	-0.495110, 	0.830094, 	1.152581, 	0.506227
-0.793610, 	-1.125089, 	-0.494603, 	0.838801, 	1.164925, 	0.511654
-0.792772, 	-1.123924, 	-0.494092, 	0.847499, 	1.177256, 	0.517075
-0.791924, 	-1.122747, 	-0.493575, 	0.856188, 	1.189574, 	0.522490
-0.791068, 	-1.121558, 	-0.493052, 	0.864868, 	1.201880, 	0.527900
-0.790203, 	-1.120356, 	-0.492524, 	0.873538, 	1.214172, 	0.533304
-0.789330, 	-1.119142, 	-0.491991, 	0.882199, 	1.226452, 	0.538702
-0.788447, 	-1.117915, 	-0.491452, 	0.890850, 	1.238718, 	0.544094
-0.787556, 	-1.116676, 	-0.490908, 	0.899492, 	1.250970, 	0.549481
-0.786657, 	-1.115425, 	-0.490359, 	0.908123, 	1.263209, 	0.554861
-0.785749, 	-1.114162, 	-0.489804, 	0.916745, 	1.275435, 	0.560235
-0.784832, 	-1.112887, 	-0.489244, 	0.925357, 	1.287646, 	0.565604
-0.783907, 	-1.111599, 	-0.488678, 	0.933959, 	1.299844, 	0.570966
-0.782973, 	-1.110299, 	-0.488107, 	0.942551, 	1.312027, 	0.576322
-0.782030, 	-1.108987, 	-0.487531, 	0.951133, 	1.324196, 	0.581672
-0.781079, 	-1.107663, 	-0.486949, 	0.959704, 	1.336351, 	0.587015
-0.780119, 	-1.106327, 	-0.486362, 	0.968265, 	1.348491, 	0.592352
-0.779151, 	-1.104978, 	-0.485770, 	0.976815, 	1.360617, 	0.597683
-0.778174, 	-1.103618, 	-0.485172, 	0.985355, 	1.372728, 	0.603007
-0.777189, 	-1.102245, 	-0.484569, 	0.993884, 	1.384824, 	0.608325
-0.776195, 	-1.100860, 	-0.483961, 	1.002402, 	1.396904, 	0.613636
-0.775193, 	-1.099463, 	-0.483347, 	1.010909, 	1.408970, 	0.618940
-0.774182, 	-1.098054, 	-0.482728, 	1.019405, 	1.421021, 	0.624238
-0.773162, 	-1.096633, 	-0.482104, 	1.027890, 	1.433055, 	0.629528
-0.772134, 	-1.095200, 	-0.481474, 	1.036364, 	1.445075, 	0.634812
-0.771098, 	-1.093755, 	-0.480839, 	1.044827, 	1.457078, 	0.640089
-0.770053, 	-1.092298, 	-0.480199, 	1.053279, 	1.469066, 	0.645360
-0.769000, 	-1.090829, 	-0.479554, 	1.061719, 	1.481038, 	0.650623
-0.767938, 	-1.089348, 	-0.478903, 	1.070147, 	1.492994, 	0.655879
-0.766868, 	-1.087855, 	-0.478248, 	1.078564, 	1.504933, 	0.661128
-0.765790, 	-1.086350, 	-0.477586, 	1.086969, 	1.516857, 	0.666369
-0.764703, 	-1.084833, 	-0.476920, 	1.095362, 	1.528763, 	0.671604
-0.763607, 	-1.083305, 	-0.476248, 	1.103744, 	1.540653, 	0.676831
-0.762504, 	-1.081764, 	-0.475572, 	1.112113, 	1.552526, 	0.682051
-0.761391, 	-1.080211, 	-0.474890, 	1.120470, 	1.564383, 	0.687263
-0.760271, 	-1.078647, 	-0.474202, 	1.128815, 	1.576222, 	0.692468
-0.759142, 	-1.077071, 	-0.473510, 	1.137148, 	1.588045, 	0.697665
-0.758005, 	-1.075483, 	-0.472812, 	1.145468, 	1.599849, 	0.702855
-0.756860, 	-1.073883, 	-0.472109, 	1.153776, 	1.611637, 	0.708037
-0.755706, 	-1.072271, 	-0.471401, 	1.162071, 	1.623407, 	0.713212
-0.754544, 	-1.070648, 	-0.470688, 	1.170354, 	1.635159, 	0.718378
-0.753373, 	-1.069013, 	-0.469970, 	1.178624, 	1.646894, 	0.723537
-0.752195, 	-1.067366, 	-0.469246, 	1.186881, 	1.658611, 	0.728688
-0.751008, 	-1.065707, 	-0.468517, 	1.195126, 	1.670309, 	0.733831
-0.749813, 	-1.064037, 	-0.467784, 	1.203357, 	1.681990, 	0.738966
-0.748609, 	-1.062355, 	-0.467045, 	1.211575, 	1.693652, 	0.744093
-0.747398, 	-1.060661, 	-0.466300, 	1.219780, 	1.705295, 	0.749212
-0.746178, 	-1.058956, 	-0.465551, 	1.227972, 	1.716920, 	0.754323
-0.744950, 	-1.057239, 	-0.464797, 	1.236150, 	1.728527, 	0.759425
-0.743714, 	-1.055510, 	-0.464038, 	1.244315, 	1.740114, 	0.764520
-0.742470, 	-1.053770, 	-0.463273, 	1.252466, 	1.751683, 	0.769606
-0.741217, 	-1.052019, 	-0.462503, 	1.260604, 	1.763233, 	0.774683
-0.739957, 	-1.050255, 	-0.461729, 	1.268727, 	1.774763, 	0.779752
-0.738688, 	-1.048481, 	-0.460949, 	1.276837, 	1.786274, 	0.784813
-0.737411, 	-1.046694, 	-0.460164, 	1.284934, 	1.797766, 	0.789865
-0.736126, 	-1.044897, 	-0.459374, 	1.293016, 	1.809238, 	0.794909
-0.734833, 	-1.043087, 	-0.458579, 	1.301084, 	1.820690, 	0.799944
-0.733532, 	-1.041267, 	-0.457779, 	1.309138, 	1.832123, 	0.804970
-0.732223, 	-1.039435, 	-0.456974, 	1.317178, 	1.843535, 	0.809987
-0.730906, 	-1.037591, 	-0.456164, 	1.325203, 	1.854928, 	0.814996
-0.729580, 	-1.035736, 	-0.455349, 	1.333214, 	1.866300, 	0.819995
-0.728247, 	-1.033870, 	-0.454529, 	1.341210, 	1.877652, 	0.824986
-0.726906, 	-1.031992, 	-0.453705, 	1.349192, 	1.888983, 	0.829968
-0.725557, 	-1.030103, 	-0.452875, 	1.357159, 	1.900294, 	0.834940
-0.724200, 	-1.028203, 	-0.452040, 	1.365111, 	1.911584, 	0.839904
-0.722834, 	-1.026291, 	-0.451200, 	1.373049, 	1.922853, 	0.844859
-0.721461, 	-1.024368, 	-0.450355, 	1.380971, 	1.934102, 	0.849804
-0.720080, 	-1.022434, 	-0.449505, 	1.388878, 	1.945329, 	0.854740
-0.718691, 	-1.020489, 	-0.448650, 	1.396771, 	1.956535, 	0.859666
-0.717295, 	-1.018532, 	-0.447791, 	1.404648, 	1.967720, 	0.864584
-0.715890, 	-1.016565, 	-0.446926, 	1.412509, 	1.978884, 	0.869492
-0.714478, 	-1.014586, 	-0.446057, 	1.420356, 	1.990025, 	0.874390
-0.713057, 	-1.012596, 	-0.445182, 	1.428187, 	2.001145, 	0.879279
-0.711629, 	-1.010594, 	-0.444303, 	1.436002, 	2.012244, 	0.884158
-0.710193, 	-1.008582, 	-0.443419, 	1.443801, 	2.023320, 	0.889028
-0.708749, 	-1.006559, 	-0.442530, 	1.451585, 	2.034374, 	0.893888
-0.707298, 	-1.004524, 	-0.441636, 	1.459353, 	2.045407, 	0.898738
-0.705838, 	-1.002479, 	-0.440737, 	1.467106, 	2.056417, 	0.903579
-0.704371, 	-1.000423, 	-0.439833, 	1.474842, 	2.067404, 	0.908409
-0.702896, 	-0.998355, 	-0.438925, 	1.482562, 	2.078369, 	0.913230
-0.701414, 	-0.996277, 	-0.438012, 	1.490266, 	2.089311, 	0.918041
-0.699923, 	-0.994188, 	-0.437094, 	1.497953, 	2.100230, 	0.922841
-0.698425, 	-0.992087, 	-0.436171, 	1.505625, 	2.111127, 	0.927632
-0.696920, 	-0.989976, 	-0.435243, 	1.513280, 	2.122000, 	0.932413
-0.695407, 	-0.987854, 	-0.434311, 	1.520918, 	2.132851, 	0.937183
-0.693886, 	-0.985721, 	-0.433374, 	1.528540, 	2.143678, 	0.941943
-0.692357, 	-0.983578, 	-0.432432, 	1.536145, 	2.154482, 	0.946693
-0.690821, 	-0.981423, 	-0.431485, 	1.543733, 	2.165262, 	0.951432
-0.689277, 	-0.979258, 	-0.430534, 	1.551305, 	2.176019, 	0.956162
-0.687726, 	-0.977082, 	-0.429577, 	1.558860, 	2.186752, 	0.960880
-0.686167, 	-0.974895, 	-0.428617, 	1.566397, 	2.197461, 	0.965589
-0.684601, 	-0.972698, 	-0.427651, 	1.573918, 	2.208146, 	0.970286
-0.683027, 	-0.970490, 	-0.426681, 	1.581421, 	2.218807, 	0.974973
-0.681445, 	-0.968271, 	-0.425706, 	1.588907, 	2.229443, 	0.979650
-0.679856, 	-0.966041, 	-0.424726, 	1.596376, 	2.240056, 	0.984316
-0.678260, 	-0.963801, 	-0.423742, 	1.603828, 	2.250644, 	0.988971
-0.676656, 	-0.961551, 	-0.422753, 	1.611261, 	2.261207, 	0.993615
-0.675045, 	-0.959289, 	-0.421759, 	1.618678, 	2.271746, 	0.998249
-0.673426, 	-0.957018, 	-0.420761, 	1.626076, 	2.282260, 	1.002871
-0.671800, 	-0.954735, 	-0.419758, 	1.633457, 	2.292749, 	1.007483
-0.670167, 	-0.952443, 	-0.418751, 	1.640820, 	2.303213, 	1.012084
-0.668526, 	-0.950139, 	-0.417738, 	1.648166, 	2.313652, 	1.016673
-0.666878, 	-0.947826, 	-0.416722, 	1.655493, 	2.324066, 	1.021252
-0.665222, 	-0.945502, 	-0.415701, 	1.662802, 	2.334454, 	1.025819
-0.663559, 	-0.943167, 	-0.414675, 	1.670093, 	2.344817, 	1.030375
-0.661889, 	-0.940822, 	-0.413644, 	1.677366, 	2.355155, 	1.034920
-0.660212, 	-0.938467, 	-0.412609, 	1.684620, 	2.365466, 	1.039454
-0.658527, 	-0.936102, 	-0.411570, 	1.691856, 	2.375752, 	1.043976
-0.656835, 	-0.933726, 	-0.410526, 	1.699074, 	2.386012, 	1.048487
-0.655136, 	-0.931340, 	-0.409478, 	1.706273, 	2.396246, 	1.052986
-0.653430, 	-0.928944, 	-0.408425, 	1.713453, 	2.406453, 	1.057474
-0.651717, 	-0.926537, 	-0.407367, 	1.720615, 	2.416635, 	1.061951
-0.649996, 	-0.924121, 	-0.406305, 	1.727758, 	2.426790, 	1.066416
-0.648268, 	-0.921694, 	-0.405239, 	1.734882, 	2.436918, 	1.070869
-0.646533, 	-0.919257, 	-0.404168, 	1.741987, 	2.447020, 	1.075310
-0.644791, 	-0.916810, 	-0.403093, 	1.749073, 	2.457096, 	1.079740
-0.643042, 	-0.914353, 	-0.402013, 	1.756140, 	2.467144, 	1.084158
-0.641286, 	-0.911886, 	-0.400929, 	1.763188, 	2.477165, 	1.088564
-0.639523, 	-0.909408, 	-0.399840, 	1.770217, 	2.487160, 	1.092959
-0.637753, 	-0.906921, 	-0.398747, 	1.777226, 	2.497127, 	1.097341
-0.635975, 	-0.904424, 	-0.397650, 	1.784216, 	2.507067, 	1.101711
-0.634191, 	-0.901917, 	-0.396548, 	1.791187, 	2.516980, 	1.106070
-0.632400, 	-0.899400, 	-0.395442, 	1.798138, 	2.526865, 	1.110416
-0.630602, 	-0.896873, 	-0.394332, 	1.805069, 	2.536723, 	1.114750
-0.628797, 	-0.894336, 	-0.393217, 	1.811980, 	2.546553, 	1.119072
-0.626985, 	-0.891790, 	-0.392098, 	1.818872, 	2.556355, 	1.123382
-0.625166, 	-0.889234, 	-0.390974, 	1.825744, 	2.566129, 	1.127679
-0.623340, 	-0.886667, 	-0.389847, 	1.832596, 	2.575876, 	1.131964
-0.621508, 	-0.884091, 	-0.388715, 	1.839428, 	2.585594, 	1.136237
-0.619668, 	-0.881506, 	-0.387578, 	1.846240, 	2.595284, 	1.140498
-0.617822, 	-0.878911, 	-0.386438, 	1.853032, 	2.604945, 	1.144745
-0.615969, 	-0.876306, 	-0.385293, 	1.859803, 	2.614578, 	1.148981
-0.614109, 	-0.873691, 	-0.384144, 	1.866554, 	2.624183, 	1.153204
-0.612243, 	-0.871067, 	-0.382991, 	1.873285, 	2.633759, 	1.157414
-0.610369, 	-0.868433, 	-0.381834, 	1.879995, 	2.643306, 	1.161612
-0.608489, 	-0.865790, 	-0.380672, 	1.886685, 	2.652824, 	1.165797
-0.606603, 	-0.863137, 	-0.379506, 	1.893354, 	2.662313, 	1.169969
-0.604709, 	-0.860475, 	-0.378336, 	1.900003, 	2.671773, 	1.174129
-0.602809, 	-0.857803, 	-0.377162, 	1.906631, 	2.681204, 	1.178275
-0.600903, 	-0.855122, 	-0.375984, 	1.913237, 	2.690606, 	1.182409
-0.598989, 	-0.852431, 	-0.374801, 	1.919824, 	2.699978, 	1.186530
-0.597070, 	-0.849731, 	-0.373615, 	1.926389, 	2.709321, 	1.190638
-0.595143, 	-0.847022, 	-0.372424, 	1.932933, 	2.718634, 	1.194733
-0.593210, 	-0.844303, 	-0.371230, 	1.939456, 	2.727918, 	1.198815
-0.591271, 	-0.841575, 	-0.370031, 	1.945957, 	2.737172, 	1.202883
-0.589325, 	-0.838838, 	-0.368828, 	1.952438, 	2.746396, 	1.206939
-0.587372, 	-0.836092, 	-0.367621, 	1.958897, 	2.755589, 	1.210981
-0.585414, 	-0.833336, 	-0.366410, 	1.965335, 	2.764753, 	1.215011
-0.583448, 	-0.830571, 	-0.365195, 	1.971751, 	2.773887, 	1.219026
-0.581476, 	-0.827798, 	-0.363976, 	1.978146, 	2.782990, 	1.223029
-0.579498, 	-0.825015, 	-0.362753, 	1.984519, 	2.792063, 	1.227018
-0.577514, 	-0.822222, 	-0.361526, 	1.990870, 	2.801105, 	1.230994
-0.575523, 	-0.819421, 	-0.360295, 	1.997200, 	2.810117, 	1.234957
-0.573526, 	-0.816611, 	-0.359060, 	2.003508, 	2.819098, 	1.238905
-0.571522, 	-0.813792, 	-0.357821, 	2.009794, 	2.828048, 	1.242841
-0.569512, 	-0.810964, 	-0.356578, 	2.016058, 	2.836967, 	1.246763
-0.567496, 	-0.808127, 	-0.355331, 	2.022300, 	2.845856, 	1.250671
-0.565474, 	-0.805281, 	-0.354081, 	2.028520, 	2.854713, 	1.254565
-0.563446, 	-0.802427, 	-0.352826, 	2.034717, 	2.863539, 	1.258446
-0.561411, 	-0.799563, 	-0.351568, 	2.040893, 	2.872334, 	1.262313
-0.559370, 	-0.796691, 	-0.350305, 	2.047046, 	2.881097, 	1.266166
-0.557323, 	-0.793810, 	-0.349039, 	2.053177, 	2.889829, 	1.270006
-0.555270, 	-0.790920, 	-0.347769, 	2.059285, 	2.898529, 	1.273831
-0.553210, 	-0.788021, 	-0.346495, 	2.065371, 	2.907198, 	1.277643
-0.551145, 	-0.785114, 	-0.345218, 	2.071434, 	2.915835, 	1.281441
-0.549074, 	-0.782198, 	-0.343936, 	2.077475, 	2.924440, 	1.285224
-0.546996, 	-0.779274, 	-0.342651, 	2.083493, 	2.933013, 	1.288994
-0.544913, 	-0.776341, 	-0.341362, 	2.089488, 	2.941554, 	1.292750
-0.542823, 	-0.773399, 	-0.340069, 	2.095460, 	2.950063, 	1.296491
-0.540728, 	-0.770449, 	-0.338773, 	2.101410, 	2.958540, 	1.300218
-0.538626, 	-0.767491, 	-0.337473, 	2.107337, 	2.966984, 	1.303931
-0.536519, 	-0.764524, 	-0.336169, 	2.113240, 	2.975396, 	1.307630
-0.534406, 	-0.761548, 	-0.334861, 	2.119120, 	2.983775, 	1.311314
-0.532287, 	-0.758564, 	-0.333550, 	2.124978, 	2.992122, 	1.314985
-0.530162, 	-0.755572, 	-0.332235, 	2.130812, 	3.000436, 	1.318640
-0.528031, 	-0.752572, 	-0.330916, 	2.136622, 	3.008718, 	1.322282
-0.525894, 	-0.749563, 	-0.329594, 	2.142410, 	3.016966, 	1.325909
-0.523752, 	-0.746546, 	-0.328268, 	2.148174, 	3.025181, 	1.329521
-0.521604, 	-0.743521, 	-0.326939, 	2.153914, 	3.033364, 	1.333119
-0.519450, 	-0.740488, 	-0.325605, 	2.159631, 	3.041513, 	1.336702
-0.517290, 	-0.737446, 	-0.324269, 	2.165324, 	3.049629, 	1.340271
-0.515125, 	-0.734397, 	-0.322928, 	2.170994, 	3.057711, 	1.343825
-0.512954, 	-0.731339, 	-0.321585, 	2.176640, 	3.065761, 	1.347364
-0.510777, 	-0.728273, 	-0.320237, 	2.182262, 	3.073776, 	1.350889
-0.508595, 	-0.725199, 	-0.318886, 	2.187860, 	3.081758, 	1.354399
-0.506407, 	-0.722118, 	-0.317532, 	2.193434, 	3.089707, 	1.357894
-0.504214, 	-0.719028, 	-0.316174, 	2.198985, 	3.097621, 	1.361374
-0.502015, 	-0.715930, 	-0.314813, 	2.204511, 	3.105502, 	1.364840
-0.499810, 	-0.712825, 	-0.313448, 	2.210013, 	3.113349, 	1.368290
-0.497600, 	-0.709711, 	-0.312080, 	2.215492, 	3.121161, 	1.371725
-0.495384, 	-0.706590, 	-0.310708, 	2.220945, 	3.128940, 	1.375146
-0.493164, 	-0.703461, 	-0.309333, 	2.226375, 	3.136684, 	1.378551
-0.490937, 	-0.700325, 	-0.307954, 	2.231780, 	3.144394, 	1.381942
-0.488705, 	-0.697180, 	-0.306572, 	2.237161, 	3.152070, 	1.385317
-0.486468, 	-0.694028, 	-0.305187, 	2.242517, 	3.159711, 	1.388677
-0.484226, 	-0.690868, 	-0.303798, 	2.247849, 	3.167318, 	1.392022
-0.481978, 	-0.687701, 	-0.302406, 	2.253156, 	3.174890, 	1.395352
-0.479725, 	-0.684526, 	-0.301011, 	2.258439, 	3.182428, 	1.398666
-0.477466, 	-0.681344, 	-0.299612, 	2.263697, 	3.189930, 	1.401965
-0.475203, 	-0.678154, 	-0.298210, 	2.268930, 	3.197398, 	1.405249
-0.472934, 	-0.674957, 	-0.296805, 	2.274138, 	3.204831, 	1.408518
-0.470659, 	-0.671752, 	-0.295397, 	2.279321, 	3.212228, 	1.411771
-0.468380, 	-0.668539, 	-0.293985, 	2.284480, 	3.219591, 	1.415008
-0.466096, 	-0.665320, 	-0.292570, 	2.289613, 	3.226918, 	1.418231
-0.463806, 	-0.662093, 	-0.291151, 	2.294722, 	3.234210, 	1.421437
-0.461511, 	-0.658859, 	-0.289730, 	2.299805, 	3.241467, 	1.424628
-0.459212, 	-0.655617, 	-0.288305, 	2.304864, 	3.248688, 	1.427804
-0.456907, 	-0.652369, 	-0.286878, 	2.309897, 	3.255874, 	1.430964
-0.454597, 	-0.649113, 	-0.285447, 	2.314904, 	3.263024, 	1.434108
-0.452282, 	-0.645850, 	-0.284013, 	2.319887, 	3.270139, 	1.437236
-0.449962, 	-0.642580, 	-0.282575, 	2.324844, 	3.277217, 	1.440349
-0.447637, 	-0.639302, 	-0.281135, 	2.329776, 	3.284260, 	1.443446
-0.445307, 	-0.636018, 	-0.279691, 	2.334682, 	3.291267, 	1.446528
-0.442973, 	-0.632727, 	-0.278245, 	2.339563, 	3.298238, 	1.449593
-0.440633, 	-0.629429, 	-0.276795, 	2.344418, 	3.305173, 	1.452643
-0.438289, 	-0.626123, 	-0.275343, 	2.349247, 	3.312071, 	1.455676
-0.435939, 	-0.622811, 	-0.273887, 	2.354051, 	3.318934, 	1.458694
-0.433585, 	-0.619492, 	-0.272428, 	2.358829, 	3.325760, 	1.461696
-0.431227, 	-0.616167, 	-0.270967, 	2.363581, 	3.332550, 	1.464682
-0.428863, 	-0.612834, 	-0.269502, 	2.368307, 	3.339303, 	1.467652
-0.426495, 	-0.609495, 	-0.268034, 	2.373008, 	3.346020, 	1.470605
-0.424122, 	-0.606149, 	-0.266564, 	2.377682, 	3.352700, 	1.473543
-0.421744, 	-0.602796, 	-0.265090, 	2.382331, 	3.359344, 	1.476465
-0.419362, 	-0.599437, 	-0.263614, 	2.386953, 	3.365950, 	1.479370
-0.416975, 	-0.596071, 	-0.262134, 	2.391549, 	3.372520, 	1.482260
-0.414583, 	-0.592698, 	-0.260652, 	2.396120, 	3.379053, 	1.485133
-0.412187, 	-0.589319, 	-0.259167, 	2.400664, 	3.385550, 	1.487989
-0.409786, 	-0.585934, 	-0.257679, 	2.405181, 	3.392009, 	1.490830
-0.407381, 	-0.582542, 	-0.256188, 	2.409672, 	3.398431, 	1.493654
-0.404972, 	-0.579143, 	-0.254694, 	2.414138, 	3.404815, 	1.496462
-0.402557, 	-0.575739, 	-0.253198, 	2.418576, 	3.411163, 	1.499254
-0.400139, 	-0.572327, 	-0.251699, 	2.422988, 	3.417473, 	1.502029
-0.397716, 	-0.568910, 	-0.250197, 	2.427374, 	3.423746, 	1.504787
-0.395288, 	-0.565486, 	-0.248692, 	2.431733, 	3.429981, 	1.507529
-0.392857, 	-0.562056, 	-0.247184, 	2.436066, 	3.436179, 	1.510255
-0.390421, 	-0.558620, 	-0.245674, 	2.440372, 	3.442340, 	1.512964
-0.387980, 	-0.555178, 	-0.244161, 	2.444651, 	3.448462, 	1.515657
-0.385536, 	-0.551729, 	-0.242646, 	2.448903, 	3.454547, 	1.518333
-0.383087, 	-0.548275, 	-0.241127, 	2.453129, 	3.460594, 	1.520992
-0.380634, 	-0.544814, 	-0.239606, 	2.457327, 	3.466603, 	1.523635
-0.378176, 	-0.541347, 	-0.238083, 	2.461499, 	3.472574, 	1.526261
-0.375715, 	-0.537875, 	-0.236556, 	2.465644, 	3.478508, 	1.528871
-0.373249, 	-0.534396, 	-0.235027, 	2.469762, 	3.484403, 	1.531464
-0.370779, 	-0.530912, 	-0.233496, 	2.473853, 	3.490260, 	1.534039
-0.368306, 	-0.527422, 	-0.231962, 	2.477917, 	3.496079, 	1.536599
-0.365828, 	-0.523925, 	-0.230425, 	2.481953, 	3.501859, 	1.539141
-0.363346, 	-0.520424, 	-0.228886, 	2.485963, 	3.507602, 	1.541667
-0.360860, 	-0.516916, 	-0.227345, 	2.489945, 	3.513306, 	1.544175
-0.358370, 	-0.513403, 	-0.225800, 	2.493900, 	3.518971, 	1.546667
-0.355876, 	-0.509884, 	-0.224254, 	2.497828, 	3.524598, 	1.549142
-0.353378, 	-0.506359, 	-0.222705, 	2.501729, 	3.530187, 	1.551600
-0.350876, 	-0.502829, 	-0.221153, 	2.505602, 	3.535737, 	1.554041
-0.348371, 	-0.499293, 	-0.219599, 	2.509447, 	3.541248, 	1.556464
-0.345861, 	-0.495752, 	-0.218042, 	2.513266, 	3.546720, 	1.558871
-0.343348, 	-0.492205, 	-0.216484, 	2.517056, 	3.552154, 	1.561261
-0.340831, 	-0.488653, 	-0.214922, 	2.520819, 	3.557548, 	1.563634
-0.338310, 	-0.485096, 	-0.213359, 	2.524555, 	3.562904, 	1.565989
-0.335786, 	-0.481533, 	-0.211793, 	2.528263, 	3.568221, 	1.568328
-0.333257, 	-0.477964, 	-0.210224, 	2.531943, 	3.573498, 	1.570649
-0.330725, 	-0.474391, 	-0.208654, 	2.535596, 	3.578737, 	1.572953
-0.328190, 	-0.470812, 	-0.207081, 	2.539221, 	3.583936, 	1.575240
-0.325651, 	-0.467228, 	-0.205505, 	2.542818, 	3.589097, 	1.577510
-0.323108, 	-0.463639, 	-0.203928, 	2.546387, 	3.594218, 	1.579762
-0.320561, 	-0.460045, 	-0.202348, 	2.549928, 	3.599299, 	1.581997
-0.318011, 	-0.456446, 	-0.200766, 	2.553441, 	3.604342, 	1.584215
-0.315458, 	-0.452841, 	-0.199182, 	2.556927, 	3.609344, 	1.586415
-0.312901, 	-0.449232, 	-0.197596, 	2.560384, 	3.614307, 	1.588598
-0.310341, 	-0.445618, 	-0.196007, 	2.563814, 	3.619231, 	1.590764
-0.307777, 	-0.441998, 	-0.194416, 	2.567215, 	3.624115, 	1.592912
-0.305210, 	-0.438374, 	-0.192823, 	2.570589, 	3.628959, 	1.595043
-0.302639, 	-0.434745, 	-0.191228, 	2.573934, 	3.633764, 	1.597157
-0.300065, 	-0.431112, 	-0.189631, 	2.577251, 	3.638529, 	1.599252
-0.297488, 	-0.427473, 	-0.188032, 	2.580539, 	3.643254, 	1.601331
-0.294907, 	-0.423830, 	-0.186431, 	2.583800, 	3.647939, 	1.603392
-0.292324, 	-0.420182, 	-0.184827, 	2.587032, 	3.652584, 	1.605435
-0.289737, 	-0.416529, 	-0.183222, 	2.590236, 	3.657190, 	1.607461
-0.287146, 	-0.412872, 	-0.181614, 	2.593412, 	3.661755, 	1.609469
-0.284553, 	-0.409210, 	-0.180005, 	2.596559, 	3.666280, 	1.611460
-0.281956, 	-0.405544, 	-0.178393, 	2.599678, 	3.670765, 	1.613433
-0.279357, 	-0.401873, 	-0.176780, 	2.602768, 	3.675210, 	1.615388
-0.276754, 	-0.398198, 	-0.175164, 	2.605830, 	3.679615, 	1.617325
-0.274148, 	-0.394518, 	-0.173547, 	2.608863, 	3.683979, 	1.619245
-0.271539, 	-0.390834, 	-0.171928, 	2.611868, 	3.688303, 	1.621147
-0.268927, 	-0.387146, 	-0.170307, 	2.614844, 	3.692586, 	1.623032
-0.266313, 	-0.383454, 	-0.168684, 	2.617792, 	3.696830, 	1.624898
-0.263695, 	-0.379757, 	-0.167059, 	2.620711, 	3.701032, 	1.626747
-0.261074, 	-0.376056, 	-0.165432, 	2.623601, 	3.705195, 	1.628578
-0.258450, 	-0.372351, 	-0.163804, 	2.626462, 	3.709316, 	1.630391
-0.255824, 	-0.368641, 	-0.162173, 	2.629295, 	3.713397, 	1.632187
-0.253195, 	-0.364928, 	-0.160541, 	2.632099, 	3.717438, 	1.633964
-0.250563, 	-0.361210, 	-0.158907, 	2.634874, 	3.721437, 	1.635723
-0.247928, 	-0.357489, 	-0.157271, 	2.637620, 	3.725396, 	1.637465
-0.245290, 	-0.353763, 	-0.155634, 	2.640337, 	3.729315, 	1.639189
-0.242650, 	-0.350034, 	-0.153995, 	2.643025, 	3.733192, 	1.640895
-0.240007, 	-0.346301, 	-0.152354, 	2.645685, 	3.737028, 	1.642582
-0.237361, 	-0.342564, 	-0.150711, 	2.648315, 	3.740824, 	1.644252
-0.234713, 	-0.338823, 	-0.149067, 	2.650917, 	3.744579, 	1.645904
-0.232062, 	-0.335079, 	-0.147421, 	2.653490, 	3.748292, 	1.647538
-0.229408, 	-0.331330, 	-0.145773, 	2.656033, 	3.751965, 	1.649154
-0.226752, 	-0.327578, 	-0.144124, 	2.658547, 	3.755596, 	1.650751
-0.224094, 	-0.323823, 	-0.142474, 	2.661033, 	3.759187, 	1.652331
-0.221433, 	-0.320064, 	-0.140821, 	2.663489, 	3.762736, 	1.653893
-0.218769, 	-0.316301, 	-0.139167, 	2.665916, 	3.766243, 	1.655436
-0.216103, 	-0.312535, 	-0.137512, 	2.668314, 	3.769710, 	1.656961
-0.213435, 	-0.308765, 	-0.135855, 	2.670682, 	3.773136, 	1.658468
-0.210764, 	-0.304992, 	-0.134196, 	2.673021, 	3.776520, 	1.659958
-0.208091, 	-0.301215, 	-0.132536, 	2.675331, 	3.779863, 	1.661428
-0.205416, 	-0.297435, 	-0.130875, 	2.677612, 	3.783164, 	1.662881
-0.202738, 	-0.293652, 	-0.129212, 	2.679863, 	3.786424, 	1.664315
-0.200059, 	-0.289866, 	-0.127548, 	2.682086, 	3.789642, 	1.665732
-0.197376, 	-0.286076, 	-0.125882, 	2.684278, 	3.792819, 	1.667130
-0.194692, 	-0.282283, 	-0.124215, 	2.686442, 	3.795955, 	1.668509
-0.192006, 	-0.278487, 	-0.122546, 	2.688576, 	3.799049, 	1.669871
-0.189317, 	-0.274688, 	-0.120877, 	2.690680, 	3.802101, 	1.671214
-0.186626, 	-0.270886, 	-0.119205, 	2.692755, 	3.805112, 	1.672539
-0.183934, 	-0.267081, 	-0.117533, 	2.694800, 	3.808081, 	1.673845
-0.181239, 	-0.263273, 	-0.115859, 	2.696816, 	3.811008, 	1.675133
-0.178542, 	-0.259462, 	-0.114184, 	2.698803, 	3.813894, 	1.676403
-0.175843, 	-0.255648, 	-0.112507, 	2.700760, 	3.816737, 	1.677655
-0.173143, 	-0.251831, 	-0.110830, 	2.702687, 	3.819539, 	1.678888
-0.170440, 	-0.248012, 	-0.109151, 	2.704585, 	3.822299, 	1.680103
-0.167735, 	-0.244190, 	-0.107471, 	2.706453, 	3.825018, 	1.681299
-0.165029, 	-0.240365, 	-0.105790, 	2.708291, 	3.827694, 	1.682477
-0.162321, 	-0.236537, 	-0.104107, 	2.710100, 	3.830329, 	1.683636
-0.159610, 	-0.232707, 	-0.102423, 	2.711879, 	3.832921, 	1.684777
-0.156899, 	-0.228874, 	-0.100739, 	2.713628, 	3.835472, 	1.685900
-0.154185, 	-0.225038, 	-0.099053, 	2.715348, 	3.837980, 	1.687004
-0.151470, 	-0.221200, 	-0.097366, 	2.717038, 	3.840447, 	1.688090
-0.148753, 	-0.217360, 	-0.095678, 	2.718698, 	3.842871, 	1.689157
-0.146034, 	-0.213517, 	-0.093988, 	2.720328, 	3.845253, 	1.690205
-0.143313, 	-0.209672, 	-0.092298, 	2.721929, 	3.847594, 	1.691236
-0.140592, 	-0.205824, 	-0.090607, 	2.723500, 	3.849892, 	1.692247
-0.137868, 	-0.201974, 	-0.088915, 	2.725040, 	3.852148, 	1.693240
-0.135143, 	-0.198122, 	-0.087222, 	2.726552, 	3.854361, 	1.694215
-0.132416, 	-0.194268, 	-0.085527, 	2.728033, 	3.856533, 	1.695171
-0.129688, 	-0.190411, 	-0.083832, 	2.729484, 	3.858662, 	1.696108
-0.126959, 	-0.186552, 	-0.082136, 	2.730906, 	3.860749, 	1.697027
-0.124228, 	-0.182692, 	-0.080439, 	2.732297, 	3.862794, 	1.697927
-0.121496, 	-0.178829, 	-0.078741, 	2.733659, 	3.864796, 	1.698809
-0.118762, 	-0.174964, 	-0.077042, 	2.734990, 	3.866756, 	1.699672
-0.116027, 	-0.171097, 	-0.075343, 	2.736292, 	3.868674, 	1.700516
-0.113291, 	-0.167229, 	-0.073642, 	2.737564, 	3.870549, 	1.701342
-0.110553, 	-0.163358, 	-0.071941, 	2.738805, 	3.872382, 	1.702149
-0.107814, 	-0.159486, 	-0.070239, 	2.740017, 	3.874172, 	1.702938
-0.105074, 	-0.155612, 	-0.068536, 	2.741199, 	3.875920, 	1.703708
-0.102333, 	-0.151736, 	-0.066832, 	2.742350, 	3.877626, 	1.704459
-0.099591, 	-0.147858, 	-0.065127, 	2.743472, 	3.879289, 	1.705191
-0.096847, 	-0.143979, 	-0.063422, 	2.744563, 	3.880909, 	1.705905
-0.094103, 	-0.140098, 	-0.061716, 	2.745625, 	3.882488, 	1.706600
-0.091357, 	-0.136215, 	-0.060010, 	2.746656, 	3.884023, 	1.707277
-0.088611, 	-0.132331, 	-0.058303, 	2.747657, 	3.885516, 	1.707934
-0.085863, 	-0.128446, 	-0.056595, 	2.748628, 	3.886966, 	1.708573
-0.083114, 	-0.124559, 	-0.054886, 	2.749569, 	3.888374, 	1.709193
-0.080365, 	-0.120670, 	-0.053177, 	2.750480, 	3.889739, 	1.709795
-0.077614, 	-0.116781, 	-0.051467, 	2.751361, 	3.891062, 	1.710378
-0.074863, 	-0.112890, 	-0.049757, 	2.752212, 	3.892342, 	1.710942
-0.072111, 	-0.108997, 	-0.048046, 	2.753032, 	3.893579, 	1.711487
-0.069358, 	-0.105104, 	-0.046334, 	2.753823, 	3.894774, 	1.712014
-0.066604, 	-0.101209, 	-0.044622, 	2.754583, 	3.895926, 	1.712522
-0.063849, 	-0.097313, 	-0.042910, 	2.755313, 	3.897035, 	1.713011
-0.061094, 	-0.093416, 	-0.041197, 	2.756012, 	3.898102, 	1.713481
-0.058338, 	-0.089518, 	-0.039483, 	2.756682, 	3.899126, 	1.713933
-0.055581, 	-0.085619, 	-0.037769, 	2.757322, 	3.900107, 	1.714365
-0.052824, 	-0.081719, 	-0.036055, 	2.757931, 	3.901045, 	1.714779
-0.050066, 	-0.077818, 	-0.034340, 	2.758510, 	3.901941, 	1.715175
-0.047307, 	-0.073916, 	-0.032625, 	2.759058, 	3.902794, 	1.715551
-0.044548, 	-0.070013, 	-0.030909, 	2.759577, 	3.903604, 	1.715909
-0.041789, 	-0.066109, 	-0.029193, 	2.760065, 	3.904371, 	1.716247
-0.039029, 	-0.062205, 	-0.027477, 	2.760523, 	3.905096, 	1.716567
-0.036268, 	-0.058300, 	-0.025761, 	2.760951, 	3.905778, 	1.716868
-0.033507, 	-0.054394, 	-0.024044, 	2.761348, 	3.906417, 	1.717151
-0.030746, 	-0.050488, 	-0.022327, 	2.761716, 	3.907013, 	1.717414
-0.027984, 	-0.046581, 	-0.020609, 	2.762053, 	3.907566, 	1.717659
-0.025222, 	-0.042673, 	-0.018892, 	2.762359, 	3.908077, 	1.717885
-0.022460, 	-0.038765, 	-0.017174, 	2.762635, 	3.908545, 	1.718092
-0.019697, 	-0.034856, 	-0.015456, 	2.762882, 	3.908969, 	1.718280
-0.016934, 	-0.030947, 	-0.013737, 	2.763097, 	3.909351, 	1.718450
-0.014171, 	-0.027038, 	-0.012019, 	2.763283, 	3.909691, 	1.718600
-0.011408, 	-0.023128, 	-0.010300, 	2.763438, 	3.909987, 	1.718732
-0.008644, 	-0.019218, 	-0.008582, 	2.763563, 	3.910240, 	1.718845
-0.005881, 	-0.015308, 	-0.006863, 	2.763658, 	3.910451, 	1.718939
-0.003117, 	-0.011398, 	-0.005144, 	2.763722, 	3.910619, 	1.719014
-0.000354, 	-0.007487, 	-0.003425, 	2.763756, 	3.910744, 	1.719070
0.002410, 	-0.003576, 	-0.001706, 	2.763760, 	3.910826, 	1.719108
0.005174, 	0.000334, 	0.000013, 	2.763733, 	3.910865, 	1.719127
0.007938, 	0.004245, 	0.001733, 	2.763677, 	3.910861, 	1.719127
0.010701, 	0.008156, 	0.003452, 	2.763590, 	3.910815, 	1.719108
0.013465, 	0.012067, 	0.005171, 	2.763472, 	3.910725, 	1.719070
0.016228, 	0.015978, 	0.006890, 	2.763325, 	3.910593, 	1.719013
0.018992, 	0.019888, 	0.008609, 	2.763147, 	3.910418, 	1.718938
0.021755, 	0.023799, 	0.010328, 	2.762939, 	3.910200, 	1.718843
0.024518, 	0.027709, 	0.012047, 	2.762700, 	3.909939, 	1.718730
0.027281, 	0.031619, 	0.013765, 	2.762432, 	3.909635, 	1.718598
0.030043, 	0.035529, 	0.015484, 	2.762133, 	3.909289, 	1.718447
0.032805, 	0.039438, 	0.017202, 	2.761803, 	3.908899, 	1.718277
0.035567, 	0.043347, 	0.018921, 	2.761444, 	3.908467, 	1.718089
0.038328, 	0.047255, 	0.020639, 	2.761054, 	3.907992, 	1.717881
0.041089, 	0.051163, 	0.022357, 	2.760634, 	3.907474, 	1.717655
0.043850, 	0.055071, 	0.024074, 	2.760184, 	3.906913, 	1.717410
0.046610, 	0.058978, 	0.025792, 	2.759703, 	3.906310, 	1.717146
0.049370, 	0.062884, 	0.027509, 	2.759192, 	3.905663, 	1.716864
0.052129, 	0.066790, 	0.029226, 	2.758651, 	3.904974, 	1.716562
0.054888, 	0.070694, 	0.030942, 	2.758080, 	3.904242, 	1.716242
0.057646, 	0.074599, 	0.032659, 	2.757478, 	3.903467, 	1.715903
0.060403, 	0.078502, 	0.034374, 	2.756846, 	3.902650, 	1.715545
0.063160, 	0.082405, 	0.036090, 	2.756184, 	3.901789, 	1.715168
0.065916, 	0.086307, 	0.037805, 	2.755492, 	3.900886, 	1.714772
0.068672, 	0.090208, 	0.039520, 	2.754769, 	3.899940, 	1.714358
0.071427, 	0.094107, 	0.041234, 	2.754017, 	3.898951, 	1.713925
0.074181, 	0.098006, 	0.042948, 	2.753234, 	3.897920, 	1.713473
0.076934, 	0.101904, 	0.044662, 	2.752421, 	3.896846, 	1.713002
0.079686, 	0.105801, 	0.046375, 	2.751577, 	3.895729, 	1.712513
0.082438, 	0.109697, 	0.048087, 	2.750704, 	3.894569, 	1.712004
0.085189, 	0.113591, 	0.049799, 	2.749800, 	3.893367, 	1.711477
0.087938, 	0.117485, 	0.051511, 	2.748867, 	3.892122, 	1.710932
0.090687, 	0.121377, 	0.053222, 	2.747903, 	3.890834, 	1.710367
0.093435, 	0.125268, 	0.054932, 	2.746909, 	3.889504, 	1.709784
0.096182, 	0.129157, 	0.056642, 	2.745885, 	3.888131, 	1.709182
0.098928, 	0.133045, 	0.058351, 	2.744831, 	3.886715, 	1.708561
0.101673, 	0.136932, 	0.060060, 	2.743746, 	3.885257, 	1.707921
0.104417, 	0.140817, 	0.061767, 	2.742632, 	3.883756, 	1.707263
0.107159, 	0.144701, 	0.063475, 	2.741488, 	3.882213, 	1.706586
0.109901, 	0.148583, 	0.065181, 	2.740313, 	3.880627, 	1.705890
0.112641, 	0.152464, 	0.066887, 	2.739109, 	3.878999, 	1.705176
0.115380, 	0.156343, 	0.068592, 	2.737874, 	3.877327, 	1.704443
0.118118, 	0.160220, 	0.070297, 	2.736609, 	3.875614, 	1.703691
0.120855, 	0.164096, 	0.072001, 	2.735315, 	3.873858, 	1.702920
0.123590, 	0.167970, 	0.073703, 	2.733990, 	3.872059, 	1.702131
0.126324, 	0.171842, 	0.075406, 	2.732636, 	3.870218, 	1.701324
0.129057, 	0.175712, 	0.077107, 	2.731251, 	3.868335, 	1.700497
0.131788, 	0.179580, 	0.078807, 	2.729837, 	3.866409, 	1.699652
0.134518, 	0.183447, 	0.080507, 	2.728392, 	3.864441, 	1.698788
0.137246, 	0.187311, 	0.082206, 	2.726918, 	3.862430, 	1.697906
0.139973, 	0.191174, 	0.083904, 	2.725414, 	3.860377, 	1.697005
0.142698, 	0.195034, 	0.085601, 	2.723880, 	3.858282, 	1.696085
0.145422, 	0.198892, 	0.087297, 	2.722316, 	3.856144, 	1.695147
0.148145, 	0.202748, 	0.088992, 	2.720722, 	3.853964, 	1.694190
0.150865, 	0.206602, 	0.090686, 	2.719098, 	3.851742, 	1.693215
0.153584, 	0.210454, 	0.092379, 	2.717445, 	3.849478, 	1.692221
0.156302, 	0.214304, 	0.094072, 	2.715761, 	3.847171, 	1.691208
0.159018, 	0.218151, 	0.095763, 	2.714048, 	3.844822, 	1.690177
0.161732, 	0.221996, 	0.097453, 	2.712306, 	3.842431, 	1.689128
0.164444, 	0.225838, 	0.099142, 	2.710533, 	3.839998, 	1.688060
0.167154, 	0.229678, 	0.100830, 	2.708730, 	3.837523, 	1.686973
0.169863, 	0.233516, 	0.102517, 	2.706898, 	3.835006, 	1.685868
0.172570, 	0.237351, 	0.104203, 	2.705037, 	3.832446, 	1.684744
0.175275, 	0.241183, 	0.105888, 	2.703145, 	3.829845, 	1.683602
0.177978, 	0.245013, 	0.107571, 	2.701224, 	3.827201, 	1.682442
0.180680, 	0.248840, 	0.109254, 	2.699274, 	3.824516, 	1.681263
0.183379, 	0.252665, 	0.110935, 	2.697293, 	3.821789, 	1.680065
0.186076, 	0.256486, 	0.112615, 	2.695283, 	3.819020, 	1.678849
0.188771, 	0.260305, 	0.114294, 	2.693244, 	3.816208, 	1.677615
0.191465, 	0.264122, 	0.115972, 	2.691175, 	3.813355, 	1.676363
0.194156, 	0.267935, 	0.117648, 	2.689076, 	3.810461, 	1.675091
0.196845, 	0.271745, 	0.119323, 	2.686949, 	3.807524, 	1.673802
0.199532, 	0.275553, 	0.120997, 	2.684791, 	3.804546, 	1.672494
0.202217, 	0.279357, 	0.122669, 	2.682604, 	3.801526, 	1.671168
0.204899, 	0.283159, 	0.124341, 	2.680388, 	3.798464, 	1.669823
0.207580, 	0.286957, 	0.126010, 	2.678142, 	3.795360, 	1.668461
0.210258, 	0.290753, 	0.127679, 	2.675867, 	3.792215, 	1.667079
0.212934, 	0.294545, 	0.129346, 	2.673562, 	3.789028, 	1.665680
0.215607, 	0.298334, 	0.131012, 	2.671228, 	3.785800, 	1.664262
0.218278, 	0.302120, 	0.132676, 	2.668865, 	3.782530, 	1.662827
0.220947, 	0.305902, 	0.134339, 	2.666473, 	3.779219, 	1.661372
0.223614, 	0.309682, 	0.136000, 	2.664051, 	3.775866, 	1.659900
0.226278, 	0.313458, 	0.137660, 	2.661600, 	3.772472, 	1.658409
0.228939, 	0.317230, 	0.139318, 	2.659120, 	3.769036, 	1.656901
0.231598, 	0.320999, 	0.140975, 	2.656611, 	3.765559, 	1.655374
0.234255, 	0.324765, 	0.142631, 	2.654073, 	3.762041, 	1.653829
0.236909, 	0.328527, 	0.144284, 	2.651505, 	3.758482, 	1.652265
0.239561, 	0.332285, 	0.145937, 	2.648909, 	3.754881, 	1.650684
0.242210, 	0.336040, 	0.147587, 	2.646283, 	3.751239, 	1.649084
0.244856, 	0.339791, 	0.149236, 	2.643628, 	3.747556, 	1.647467
0.247500, 	0.343539, 	0.150884, 	2.640944, 	3.743832, 	1.645831
0.250140, 	0.347283, 	0.152530, 	2.638232, 	3.740067, 	1.644177
0.252779, 	0.351023, 	0.154174, 	2.635490, 	3.736260, 	1.642506
0.255414, 	0.354759, 	0.155816, 	2.632720, 	3.732413, 	1.640816
0.258047, 	0.358491, 	0.157457, 	2.629920, 	3.728525, 	1.639108
0.260677, 	0.362220, 	0.159096, 	2.627092, 	3.724596, 	1.637382
0.263304, 	0.365945, 	0.160734, 	2.624235, 	3.720626, 	1.635639
0.265928, 	0.369665, 	0.162369, 	2.621349, 	3.716615, 	1.633877
0.268549, 	0.373382, 	0.164003, 	2.618434, 	3.712563, 	1.632097
0.271168, 	0.377094, 	0.165635, 	2.615491, 	3.708471, 	1.630300
0.273783, 	0.380803, 	0.167266, 	2.612519, 	3.704338, 	1.628484
0.276396, 	0.384507, 	0.168894, 	2.609518, 	3.700164, 	1.626651
0.279005, 	0.388207, 	0.170521, 	2.606489, 	3.695950, 	1.624800
0.281612, 	0.391903, 	0.172146, 	2.603431, 	3.691695, 	1.622931
0.284215, 	0.395595, 	0.173769, 	2.600344, 	3.687399, 	1.621044
0.286816, 	0.399282, 	0.175390, 	2.597229, 	3.683064, 	1.619140
0.289413, 	0.402965, 	0.177009, 	2.594086, 	3.678687, 	1.617217
0.292007, 	0.406644, 	0.178626, 	2.590914, 	3.674271, 	1.615277
0.294598, 	0.410318, 	0.180241, 	2.587713, 	3.669814, 	1.613320
0.297186, 	0.413988, 	0.181855, 	2.584484, 	3.665316, 	1.611344
0.299770, 	0.417654, 	0.183466, 	2.581227, 	3.660779, 	1.609351
0.302351, 	0.421314, 	0.185075, 	2.577941, 	3.656201, 	1.607340
0.304929, 	0.424970, 	0.186683, 	2.574628, 	3.651584, 	1.605312
0.307504, 	0.428622, 	0.188288, 	2.571285, 	3.646926, 	1.603266
0.310075, 	0.432269, 	0.189891, 	2.567915, 	3.642228, 	1.601202
0.312643, 	0.435911, 	0.191492, 	2.564517, 	3.637490, 	1.599121
0.315208, 	0.439549, 	0.193092, 	2.561090, 	3.632713, 	1.597022
0.317769, 	0.443181, 	0.194689, 	2.557636, 	3.627895, 	1.594905
0.320326, 	0.446809, 	0.196283, 	2.554153, 	3.623038, 	1.592772
0.322881, 	0.450432, 	0.197876, 	2.550642, 	3.618141, 	1.590620
0.325431, 	0.454051, 	0.199467, 	2.547103, 	3.613204, 	1.588452
0.327978, 	0.457664, 	0.201055, 	2.543536, 	3.608227, 	1.586265
0.330522, 	0.461272, 	0.202642, 	2.539942, 	3.603211, 	1.584062
0.333062, 	0.464875, 	0.204226, 	2.536319, 	3.598155, 	1.581841
0.335598, 	0.468473, 	0.205807, 	2.532669, 	3.593060, 	1.579602
0.338131, 	0.472066, 	0.207387, 	2.528990, 	3.587926, 	1.577347
0.340660, 	0.475654, 	0.208964, 	2.525284, 	3.582752, 	1.575074
0.343185, 	0.479237, 	0.210539, 	2.521551, 	3.577538, 	1.572783
0.345707, 	0.482815, 	0.212112, 	2.517789, 	3.572286, 	1.570476
0.348224, 	0.486387, 	0.213683, 	2.514000, 	3.566994, 	1.568151
0.350738, 	0.489954, 	0.215251, 	2.510184, 	3.561663, 	1.565809
0.353249, 	0.493516, 	0.216817, 	2.506340, 	3.556293, 	1.563450
0.355755, 	0.497072, 	0.218380, 	2.502468, 	3.550884, 	1.561074
0.358257, 	0.500623, 	0.219941, 	2.498569, 	3.545436, 	1.558680
0.360756, 	0.504168, 	0.221500, 	2.494642, 	3.539949, 	1.556270
0.363251, 	0.507708, 	0.223056, 	2.490688, 	3.534424, 	1.553842
0.365741, 	0.511243, 	0.224610, 	2.486707, 	3.528859, 	1.551397
0.368228, 	0.514771, 	0.226161, 	2.482698, 	3.523256, 	1.548935
0.370711, 	0.518295, 	0.227710, 	2.478662, 	3.517614, 	1.546456
0.373189, 	0.521812, 	0.229257, 	2.474599, 	3.511933, 	1.543961
0.375664, 	0.525324, 	0.230801, 	2.470509, 	3.506214, 	1.541448
0.378134, 	0.528830, 	0.232342, 	2.466392, 	3.500456, 	1.538918
0.380601, 	0.532331, 	0.233881, 	2.462247, 	3.494660, 	1.536372
0.383063, 	0.535825, 	0.235417, 	2.458076, 	3.488826, 	1.533808
0.385521, 	0.539314, 	0.236951, 	2.453877, 	3.482953, 	1.531228
0.387975, 	0.542797, 	0.238483, 	2.449652, 	3.477042, 	1.528631
0.390425, 	0.546274, 	0.240011, 	2.445400, 	3.471092, 	1.526017
0.392870, 	0.549745, 	0.241537, 	2.441121, 	3.465105, 	1.523387
0.395311, 	0.553210, 	0.243061, 	2.436815, 	3.459080, 	1.520739
0.397748, 	0.556670, 	0.244581, 	2.432482, 	3.453017, 	1.518075
0.400180, 	0.560123, 	0.246099, 	2.428123, 	3.446915, 	1.515395
0.402609, 	0.563570, 	0.247615, 	2.423736, 	3.440776, 	1.512697
0.405032, 	0.567010, 	0.249127, 	2.419324, 	3.434599, 	1.509984
0.407452, 	0.570445, 	0.250637, 	2.414884, 	3.428385, 	1.507253
0.409867, 	0.573873, 	0.252145, 	2.410419, 	3.422132, 	1.504506
0.412277, 	0.577295, 	0.253649, 	2.405926, 	3.415843, 	1.501742
0.414683, 	0.580711, 	0.255151, 	2.401407, 	3.409515, 	1.498962
0.417084, 	0.584121, 	0.256650, 	2.396863, 	3.403151, 	1.496166
0.419481, 	0.587524, 	0.258146, 	2.392291, 	3.396749, 	1.493353
0.421873, 	0.590921, 	0.259639, 	2.387693, 	3.390309, 	1.490524
0.424261, 	0.594311, 	0.261130, 	2.383070, 	3.383832, 	1.487678
0.426644, 	0.597695, 	0.262618, 	2.378419, 	3.377319, 	1.484816
0.429023, 	0.601072, 	0.264102, 	2.373743, 	3.370768, 	1.481937
0.431396, 	0.604443, 	0.265584, 	2.369041, 	3.364180, 	1.479043
0.433765, 	0.607807, 	0.267063, 	2.364313, 	3.357555, 	1.476132
0.436130, 	0.611165, 	0.268540, 	2.359559, 	3.350893, 	1.473205
0.438489, 	0.614516, 	0.270013, 	2.354779, 	3.344195, 	1.470262
0.440844, 	0.617860, 	0.271483, 	2.349973, 	3.337459, 	1.467302
0.443194, 	0.621197, 	0.272950, 	2.345141, 	3.330688, 	1.464327
0.445539, 	0.624528, 	0.274415, 	2.340283, 	3.323879, 	1.461335
0.447879, 	0.627852, 	0.275876, 	2.335400, 	3.317034, 	1.458328
0.450215, 	0.631169, 	0.277334, 	2.330491, 	3.310153, 	1.455304
0.452545, 	0.634479, 	0.278790, 	2.325557, 	3.303235, 	1.452264
0.454871, 	0.637782, 	0.280242, 	2.320597, 	3.296281, 	1.449209
0.457192, 	0.641078, 	0.281691, 	2.315611, 	3.289291, 	1.446137
0.459507, 	0.644368, 	0.283137, 	2.310600, 	3.282264, 	1.443050
0.461818, 	0.647650, 	0.284580, 	2.305564, 	3.275202, 	1.439947
0.464123, 	0.650925, 	0.286020, 	2.300502, 	3.268103, 	1.436827
0.466424, 	0.654193, 	0.287457, 	2.295415, 	3.260969, 	1.433693
0.468719, 	0.657454, 	0.288891, 	2.290303, 	3.253799, 	1.430542
0.471010, 	0.660708, 	0.290321, 	2.285166, 	3.246593, 	1.427376
0.473295, 	0.663955, 	0.291749, 	2.280004, 	3.239352, 	1.424194
0.475575, 	0.667194, 	0.293173, 	2.274816, 	3.232074, 	1.420996
0.477849, 	0.670426, 	0.294594, 	2.269604, 	3.224762, 	1.417783
0.480119, 	0.673651, 	0.296012, 	2.264366, 	3.217414, 	1.414554
0.482383, 	0.676868, 	0.297426, 	2.259104, 	3.210031, 	1.411310
0.484643, 	0.680078, 	0.298838, 	2.253817, 	3.202612, 	1.408050
0.486896, 	0.683281, 	0.300246, 	2.248506, 	3.195158, 	1.404774
0.489145, 	0.686476, 	0.301650, 	2.243169, 	3.187669, 	1.401484
0.491388, 	0.689664, 	0.303052, 	2.237808, 	3.180145, 	1.398178
0.493626, 	0.692844, 	0.304450, 	2.232422, 	3.172586, 	1.394856
0.495858, 	0.696016, 	0.305845, 	2.227012, 	3.164993, 	1.391519
0.498085, 	0.699181, 	0.307236, 	2.221577, 	3.157364, 	1.388167
0.500307, 	0.702339, 	0.308625, 	2.216118, 	3.149701, 	1.384800
0.502523, 	0.705489, 	0.310009, 	2.210635, 	3.142003, 	1.381417
0.504734, 	0.708631, 	0.311391, 	2.205127, 	3.134271, 	1.378019
0.506939, 	0.711765, 	0.312769, 	2.199595, 	3.126504, 	1.374606
0.509138, 	0.714891, 	0.314143, 	2.194039, 	3.118703, 	1.371178
0.511332, 	0.718010, 	0.315515, 	2.188459, 	3.110868, 	1.367735
0.513521, 	0.721121, 	0.316882, 	2.182855, 	3.102998, 	1.364277
0.515704, 	0.724224, 	0.318247, 	2.177226, 	3.095094, 	1.360804
0.517881, 	0.727319, 	0.319607, 	2.171574, 	3.087157, 	1.357316
0.520052, 	0.730406, 	0.320965, 	2.165898, 	3.079185, 	1.353813
0.522218, 	0.733485, 	0.322319, 	2.160198, 	3.071180, 	1.350295
0.524379, 	0.736556, 	0.323669, 	2.154474, 	3.063141, 	1.346762
0.526533, 	0.739620, 	0.325016, 	2.148727, 	3.055068, 	1.343215
0.528682, 	0.742675, 	0.326359, 	2.142956, 	3.046961, 	1.339653
0.530825, 	0.745722, 	0.327698, 	2.137162, 	3.038821, 	1.336076
0.532962, 	0.748761, 	0.329035, 	2.131344, 	3.030648, 	1.332484
0.535093, 	0.751791, 	0.330367, 	2.125502, 	3.022442, 	1.328878
0.537219, 	0.754814, 	0.331696, 	2.119637, 	3.014202, 	1.325257
0.539338, 	0.757828, 	0.333021, 	2.113750, 	3.005929, 	1.321621
0.541452, 	0.760834, 	0.334343, 	2.107838, 	2.997623, 	1.317971
0.543560, 	0.763831, 	0.335661, 	2.101904, 	2.989284, 	1.314307
0.545662, 	0.766821, 	0.336975, 	2.095946, 	2.980912, 	1.310628
0.547758, 	0.769802, 	0.338286, 	2.089966, 	2.972508, 	1.306935
0.549848, 	0.772774, 	0.339593, 	2.083962, 	2.964071, 	1.303227
0.551932, 	0.775738, 	0.340896, 	2.077935, 	2.955601, 	1.299505
0.554010, 	0.778694, 	0.342195, 	2.071886, 	2.947098, 	1.295769
0.556082, 	0.781641, 	0.343491, 	2.065814, 	2.938564, 	1.292018
0.558147, 	0.784579, 	0.344783, 	2.059719, 	2.929997, 	1.288253
0.560207, 	0.787509, 	0.346071, 	2.053602, 	2.921398, 	1.284474
0.562261, 	0.790431, 	0.347356, 	2.047462, 	2.912766, 	1.280681
0.564308, 	0.793344, 	0.348637, 	2.041300, 	2.904103, 	1.276874
0.566350, 	0.796248, 	0.349913, 	2.035115, 	2.895408, 	1.273053
0.568385, 	0.799143, 	0.351187, 	2.028907, 	2.886681, 	1.269218
0.570414, 	0.802030, 	0.352456, 	2.022678, 	2.877922, 	1.265369
0.572436, 	0.804908, 	0.353721, 	2.016426, 	2.869132, 	1.261506
0.574453, 	0.807777, 	0.354983, 	2.010152, 	2.860310, 	1.257629
0.576463, 	0.810637, 	0.356240, 	2.003856, 	2.851456, 	1.253739
0.578467, 	0.813489, 	0.357494, 	1.997537, 	2.842571, 	1.249834
0.580464, 	0.816331, 	0.358744, 	1.991197, 	2.833655, 	1.245916
0.582455, 	0.819165, 	0.359990, 	1.984835, 	2.824708, 	1.241984
0.584440, 	0.821989, 	0.361232, 	1.978451, 	2.815730, 	1.238039
0.586419, 	0.824805, 	0.362470, 	1.972046, 	2.806721, 	1.234079
0.588391, 	0.827612, 	0.363704, 	1.965618, 	2.797681, 	1.230107
0.590356, 	0.830410, 	0.364934, 	1.959170, 	2.788610, 	1.226120
0.592315, 	0.833198, 	0.366160, 	1.952699, 	2.779509, 	1.222121
0.594268, 	0.835978, 	0.367382, 	1.946207, 	2.770376, 	1.218107
0.596214, 	0.838748, 	0.368600, 	1.939694, 	2.761214, 	1.214081
0.598154, 	0.841509, 	0.369814, 	1.933159, 	2.752021, 	1.210041
0.600087, 	0.844261, 	0.371024, 	1.926603, 	2.742798, 	1.205988
0.602014, 	0.847004, 	0.372230, 	1.920026, 	2.733545, 	1.201921
0.603934, 	0.849738, 	0.373432, 	1.913428, 	2.724261, 	1.197841
0.605847, 	0.852462, 	0.374630, 	1.906809, 	2.714948, 	1.193748
0.607754, 	0.855177, 	0.375824, 	1.900169, 	2.705605, 	1.189642
0.609654, 	0.857882, 	0.377014, 	1.893507, 	2.696232, 	1.185523
0.611548, 	0.860579, 	0.378199, 	1.886825, 	2.686829, 	1.181391
0.613435, 	0.863266, 	0.379381, 	1.880123, 	2.677397, 	1.177246
0.615315, 	0.865943, 	0.380558, 	1.873399, 	2.667936, 	1.173088
0.617188, 	0.868611, 	0.381731, 	1.866655, 	2.658445, 	1.168917
0.619055, 	0.871269, 	0.382900, 	1.859891, 	2.648924, 	1.164733
0.620915, 	0.873918, 	0.384064, 	1.853106, 	2.639375, 	1.160536
0.622768, 	0.876558, 	0.385225, 	1.846300, 	2.629797, 	1.156327
0.624614, 	0.879187, 	0.386381, 	1.839475, 	2.620189, 	1.152105
0.626454, 	0.881808, 	0.387533, 	1.832629, 	2.610553, 	1.147870
0.628286, 	0.884418, 	0.388681, 	1.825763, 	2.600888, 	1.143623
0.630112, 	0.887019, 	0.389825, 	1.818877, 	2.591195, 	1.139362
0.631931, 	0.889610, 	0.390964, 	1.811970, 	2.581473, 	1.135090
0.633743, 	0.892192, 	0.392099, 	1.805044, 	2.571723, 	1.130805
0.635548, 	0.894763, 	0.393230, 	1.798098, 	2.561944, 	1.126507
0.637346, 	0.897325, 	0.394357, 	1.791133, 	2.552137, 	1.122197
0.639137, 	0.899877, 	0.395479, 	1.784147, 	2.542302, 	1.117875
0.640921, 	0.902420, 	0.396597, 	1.777142, 	2.532439, 	1.113541
0.642698, 	0.904952, 	0.397710, 	1.770117, 	2.522548, 	1.109194
0.644469, 	0.907475, 	0.398820, 	1.763073, 	2.512630, 	1.104835
0.646232, 	0.909987, 	0.399924, 	1.756010, 	2.502684, 	1.100464
0.647988, 	0.912490, 	0.401025, 	1.748927, 	2.492710, 	1.096080
0.649737, 	0.914983, 	0.402121, 	1.741825, 	2.482709, 	1.091685
0.651478, 	0.917466, 	0.403213, 	1.734704, 	2.472681, 	1.087278
0.653213, 	0.919938, 	0.404300, 	1.727563, 	2.462625, 	1.082858
0.654941, 	0.922401, 	0.405383, 	1.720404, 	2.452542, 	1.078427
0.656661, 	0.924853, 	0.406461, 	1.713226, 	2.442433, 	1.073984
0.658374, 	0.927296, 	0.407535, 	1.706028, 	2.432296, 	1.069529
0.660080, 	0.929728, 	0.408605, 	1.698812, 	2.422133, 	1.065063
0.661779, 	0.932150, 	0.409670, 	1.691578, 	2.411943, 	1.060584
0.663471, 	0.934562, 	0.410730, 	1.684325, 	2.401726, 	1.056094
0.665155, 	0.936964, 	0.411786, 	1.677053, 	2.391483, 	1.051592
0.666832, 	0.939355, 	0.412838, 	1.669763, 	2.381214, 	1.047079
0.668502, 	0.941737, 	0.413885, 	1.662454, 	2.370918, 	1.042554
0.670164, 	0.944107, 	0.414928, 	1.655127, 	2.360597, 	1.038018
0.671819, 	0.946468, 	0.415966, 	1.647782, 	2.350249, 	1.033470
0.673467, 	0.948818, 	0.416999, 	1.640419, 	2.339875, 	1.028911
0.675107, 	0.951158, 	0.418028, 	1.633037, 	2.329476, 	1.024341
0.676741, 	0.953488, 	0.419052, 	1.625638, 	2.319051, 	1.019759
0.678366, 	0.955807, 	0.420072, 	1.618221, 	2.308601, 	1.015166
0.679984, 	0.958115, 	0.421087, 	1.610786, 	2.298125, 	1.010562
0.681595, 	0.960413, 	0.422098, 	1.603333, 	2.287624, 	1.005947
0.683198, 	0.962701, 	0.423104, 	1.595862, 	2.277097, 	1.001321
0.684794, 	0.964978, 	0.424105, 	1.588374, 	2.266546, 	0.996683
0.686383, 	0.967245, 	0.425102, 	1.580869, 	2.255970, 	0.992035
0.687964, 	0.969501, 	0.426094, 	1.573346, 	2.245368, 	0.987376
0.689537, 	0.971746, 	0.427081, 	1.565806, 	2.234742, 	0.982706
0.691103, 	0.973981, 	0.428064, 	1.558248, 	2.224092, 	0.978025
0.692661, 	0.976205, 	0.429042, 	1.550673, 	2.213417, 	0.973333
0.694212, 	0.978418, 	0.430015, 	1.543082, 	2.202717, 	0.968631
0.695755, 	0.980621, 	0.430984, 	1.535473, 	2.191994, 	0.963918
0.697290, 	0.982813, 	0.431948, 	1.527847, 	2.181246, 	0.959194
0.698818, 	0.984994, 	0.432907, 	1.520205, 	2.170474, 	0.954460
0.700338, 	0.987165, 	0.433861, 	1.512546, 	2.159678, 	0.949715
0.701851, 	0.989324, 	0.434811, 	1.504870, 	2.148859, 	0.944960
0.703356, 	0.991473, 	0.435756, 	1.497177, 	2.138016, 	0.940194
0.704853, 	0.993611, 	0.436696, 	1.489468, 	2.127149, 	0.935418
0.706342, 	0.995738, 	0.437632, 	1.481743, 	2.116258, 	0.930632
0.707824, 	0.997855, 	0.438562, 	1.474001, 	2.105345, 	0.925835
0.709298, 	0.999960, 	0.439488, 	1.466243, 	2.094408, 	0.921029
0.710764, 	1.002054, 	0.440409, 	1.458469, 	2.083448, 	0.916212
0.712223, 	1.004138, 	0.441326, 	1.450679, 	2.072465, 	0.911385
0.713673, 	1.006210, 	0.442237, 	1.442873, 	2.061460, 	0.906548
0.715116, 	1.008272, 	0.443143, 	1.435051, 	2.050431, 	0.901701
0.716551, 	1.010322, 	0.444045, 	1.427213, 	2.039381, 	0.896844
0.717979, 	1.012362, 	0.444942, 	1.419359, 	2.028307, 	0.891977
0.719398, 	1.014390, 	0.445834, 	1.411490, 	2.017211, 	0.887100
0.720809, 	1.016407, 	0.446721, 	1.403605, 	2.006094, 	0.882214
0.722213, 	1.018413, 	0.447603, 	1.395705, 	1.994953, 	0.877318
0.723609, 	1.020408, 	0.448481, 	1.387790, 	1.983791, 	0.872412
0.724997, 	1.022392, 	0.449353, 	1.379859, 	1.972607, 	0.867496
0.726376, 	1.024365, 	0.450220, 	1.371913, 	1.961402, 	0.862571
0.727748, 	1.026326, 	0.451083, 	1.363951, 	1.950175, 	0.857637
0.729112, 	1.028276, 	0.451941, 	1.355975, 	1.938926, 	0.852693
0.730468, 	1.030215, 	0.452793, 	1.347984, 	1.927656, 	0.847739
0.731816, 	1.032143, 	0.453641, 	1.339978, 	1.916364, 	0.842777
0.733156, 	1.034059, 	0.454484, 	1.331957, 	1.905052, 	0.837805
0.734488, 	1.035964, 	0.455322, 	1.323921, 	1.893718, 	0.832823
0.735812, 	1.037858, 	0.456155, 	1.315871, 	1.882364, 	0.827833
0.737128, 	1.039740, 	0.456982, 	1.307806, 	1.870988, 	0.822833
0.738436, 	1.041611, 	0.457805, 	1.299727, 	1.859593, 	0.817825
0.739735, 	1.043471, 	0.458623, 	1.291634, 	1.848176, 	0.812807
0.741027, 	1.045319, 	0.459436, 	1.283526, 	1.836740, 	0.807781
0.742311, 	1.047156, 	0.460244, 	1.275404, 	1.825283, 	0.802745
0.743586, 	1.048981, 	0.461046, 	1.267269, 	1.813806, 	0.797701
0.744853, 	1.050795, 	0.461844, 	1.259119, 	1.802309, 	0.792647
0.746112, 	1.052597, 	0.462637, 	1.250955, 	1.790792, 	0.787585
0.747363, 	1.054388, 	0.463424, 	1.242777, 	1.779255, 	0.782515
0.748606, 	1.056167, 	0.464207, 	1.234586, 	1.767699, 	0.777436
0.749841, 	1.057935, 	0.464984, 	1.226381, 	1.756123, 	0.772348
0.751067, 	1.059691, 	0.465757, 	1.218163, 	1.744527, 	0.767252
0.752285, 	1.061435, 	0.466524, 	1.209931, 	1.732913, 	0.762147
0.753495, 	1.063168, 	0.467286, 	1.201686, 	1.721279, 	0.757034
0.754697, 	1.064890, 	0.468043, 	1.193427, 	1.709627, 	0.751912
0.755890, 	1.066599, 	0.468795, 	1.185156, 	1.697955, 	0.746782
0.757075, 	1.068297, 	0.469542, 	1.176871, 	1.686265, 	0.741644
0.758252, 	1.069983, 	0.470283, 	1.168573, 	1.674556, 	0.736498
0.759421, 	1.071658, 	0.471020, 	1.160262, 	1.662829, 	0.731343
0.760581, 	1.073321, 	0.471751, 	1.151939, 	1.651084, 	0.726181
0.761733, 	1.074972, 	0.472477, 	1.143603, 	1.639320, 	0.721010
0.762877, 	1.076611, 	0.473198, 	1.135254, 	1.627538, 	0.715832
0.764012, 	1.078239, 	0.473914, 	1.126893, 	1.615738, 	0.710645
0.765139, 	1.079854, 	0.474625, 	1.118519, 	1.603920, 	0.705451
0.766257, 	1.081458, 	0.475330, 	1.110133, 	1.592085, 	0.700249
0.767367, 	1.083050, 	0.476031, 	1.101734, 	1.580232, 	0.695040
0.768469, 	1.084631, 	0.476726, 	1.093324, 	1.568361, 	0.689822
0.769562, 	1.086199, 	0.477415, 	1.084901, 	1.556474, 	0.684597
0.770647, 	1.087756, 	0.478100, 	1.076467, 	1.544569, 	0.679365
0.771724, 	1.089300, 	0.478779, 	1.068020, 	1.532647, 	0.674124
0.772792, 	1.090833, 	0.479454, 	1.059562, 	1.520708, 	0.668877
0.773851, 	1.092354, 	0.480122, 	1.051092, 	1.508752, 	0.663622
0.774902, 	1.093862, 	0.480786, 	1.042610, 	1.496780, 	0.658360
0.775945, 	1.095359, 	0.481444, 	1.034117, 	1.484791, 	0.653090
0.776979, 	1.096844, 	0.482098, 	1.025613, 	1.472785, 	0.647813
0.778005, 	1.098317, 	0.482745, 	1.017097, 	1.460763, 	0.642530
0.779022, 	1.099777, 	0.483388, 	1.008570, 	1.448726, 	0.637239
0.780030, 	1.101226, 	0.484025, 	1.000032, 	1.436672, 	0.631941
0.781031, 	1.102663, 	0.484657, 	0.991482, 	1.424602, 	0.626636
0.782022, 	1.104087, 	0.485284, 	0.982922, 	1.412517, 	0.621324
0.783005, 	1.105500, 	0.485905, 	0.974351, 	1.400416, 	0.616005
0.783979, 	1.106900, 	0.486521, 	0.965769, 	1.388299, 	0.610679
0.784945, 	1.108289, 	0.487132, 	0.957176, 	1.376167, 	0.605347
0.785902, 	1.109665, 	0.487737, 	0.948573, 	1.364020, 	0.600008
0.786851, 	1.111029, 	0.488337, 	0.939959, 	1.351858, 	0.594662
0.787791, 	1.112381, 	0.488932, 	0.931335, 	1.339681, 	0.589310
0.788722, 	1.113720, 	0.489521, 	0.922701, 	1.327489, 	0.583951
0.789645, 	1.115048, 	0.490105, 	0.914056, 	1.315282, 	0.578586
0.790559, 	1.116363, 	0.490684, 	0.905402, 	1.303061, 	0.573214
0.791464, 	1.117666, 	0.491257, 	0.896737, 	1.290825, 	0.567836
0.792361, 	1.118957, 	0.491825, 	0.888062, 	1.278576, 	0.562452
0.793249, 	1.120236, 	0.492387, 	0.879378, 	1.266312, 	0.557061
0.794128, 	1.121502, 	0.492944, 	0.870684, 	1.254033, 	0.551664
0.794999, 	1.122756, 	0.493496, 	0.861980, 	1.241742, 	0.546262
0.795861, 	1.123998, 	0.494042, 	0.853267, 	1.229436, 	0.540853
0.796714, 	1.125227, 	0.494583, 	0.844544, 	1.217117, 	0.535438
0.797559, 	1.126444, 	0.495118, 	0.835811, 	1.204784, 	0.530017
0.798395, 	1.127649, 	0.495648, 	0.827070, 	1.192438, 	0.524591
0.799222, 	1.128841, 	0.496173, 	0.818319, 	1.180078, 	0.519158
0.800040, 	1.130021, 	0.496692, 	0.809560, 	1.167706, 	0.513720
0.800850, 	1.131189, 	0.497206, 	0.800791, 	1.155321, 	0.508276
0.801650, 	1.132344, 	0.497714, 	0.792014, 	1.142923, 	0.502827
0.802442, 	1.133487, 	0.498217, 	0.783227, 	1.130512, 	0.497372
0.803226, 	1.134618, 	0.498714, 	0.774432, 	1.118089, 	0.491911
0.804000, 	1.135736, 	0.499206, 	0.765629, 	1.105653, 	0.486445
0.804766, 	1.136842, 	0.499693, 	0.756817, 	1.093205, 	0.480974
0.805523, 	1.137935, 	0.500174, 	0.747996, 	1.080745, 	0.475497
0.806271, 	1.139016, 	0.500649, 	0.739168, 	1.068273, 	0.470015
0.807010, 	1.140084, 	0.501119, 	0.730331, 	1.055789, 	0.464528
0.807740, 	1.141140, 	0.501584, 	0.721486, 	1.043293, 	0.459035
0.808462, 	1.142183, 	0.502043, 	0.712633, 	1.030786, 	0.453538
0.809174, 	1.143214, 	0.502496, 	0.703772, 	1.018268, 	0.448035
0.809878, 	1.144232, 	0.502944, 	0.694903, 	1.005738, 	0.442528
0.810573, 	1.145238, 	0.503387, 	0.686027, 	0.993197, 	0.437016
0.811259, 	1.146231, 	0.503824, 	0.677143, 	0.980645, 	0.431498
0.811936, 	1.147212, 	0.504255, 	0.668251, 	0.968082, 	0.425976
0.812604, 	1.148180, 	0.504681, 	0.659352, 	0.955508, 	0.420449
0.813264, 	1.149135, 	0.505102, 	0.650446, 	0.942924, 	0.414918
0.813914, 	1.150078, 	0.505517, 	0.641532, 	0.930329, 	0.409382
0.814556, 	1.151008, 	0.505926, 	0.632611, 	0.917724, 	0.403841
0.815188, 	1.151926, 	0.506330, 	0.623684, 	0.905108, 	0.398296
0.815812, 	1.152831, 	0.506728, 	0.614749, 	0.892483, 	0.392747
0.816427, 	1.153724, 	0.507121, 	0.605808, 	0.879848, 	0.387193
0.817033, 	1.154604, 	0.507508, 	0.596859, 	0.867203, 	0.381635
0.817629, 	1.155471, 	0.507890, 	0.587904, 	0.854548, 	0.376072
0.818217, 	1.156325, 	0.508266, 	0.578943, 	0.841884, 	0.370506
0.818796, 	1.157167, 	0.508636, 	0.569975, 	0.829210, 	0.364935
0.819366, 	1.157997, 	0.509001, 	0.561001, 	0.816527, 	0.359360
0.819927, 	1.158813, 	0.509360, 	0.552021, 	0.803835, 	0.353782
0.820479, 	1.159617, 	0.509714, 	0.543034, 	0.791135, 	0.348199
0.821022, 	1.160408, 	0.510062, 	0.534041, 	0.778425, 	0.342612
0.821556, 	1.161187, 	0.510405, 	0.525043, 	0.765707, 	0.337022
0.822081, 	1.161952, 	0.510742, 	0.516038, 	0.752980, 	0.331428
0.822597, 	1.162705, 	0.511073, 	0.507028, 	0.740244, 	0.325830
0.823105, 	1.163445, 	0.511399, 	0.498012, 	0.727501, 	0.320228
0.823602, 	1.164173, 	0.511720, 	0.488991, 	0.714749, 	0.314623
0.824091, 	1.164888, 	0.512034, 	0.479964, 	0.701990, 	0.309015
0.824571, 	1.165590, 	0.512343, 	0.470932, 	0.689222, 	0.303403
0.825042, 	1.166279, 	0.512647, 	0.461894, 	0.676447, 	0.297787
0.825504, 	1.166955, 	0.512944, 	0.452852, 	0.663664, 	0.292169
0.825957, 	1.167619, 	0.513237, 	0.443804, 	0.650874, 	0.286547
0.826401, 	1.168270, 	0.513523, 	0.434751, 	0.638077, 	0.280921
0.826836, 	1.168908, 	0.513804, 	0.425694, 	0.625272, 	0.275293
0.827261, 	1.169533, 	0.514079, 	0.416631, 	0.612461, 	0.269662
0.827678, 	1.170146, 	0.514349, 	0.407564, 	0.599643, 	0.264027
0.828086, 	1.170745, 	0.514613, 	0.398493, 	0.586818, 	0.258390
0.828484, 	1.171332, 	0.514871, 	0.389417, 	0.573986, 	0.252750
0.828874, 	1.171906, 	0.515124, 	0.380336, 	0.561148, 	0.247107
0.829254, 	1.172467, 	0.515371, 	0.371252, 	0.548303, 	0.241461
0.829625, 	1.173016, 	0.515613, 	0.362163, 	0.535453, 	0.235812
0.829987, 	1.173551, 	0.515849, 	0.353070, 	0.522596, 	0.230161
0.830340, 	1.174074, 	0.516079, 	0.343973, 	0.509734, 	0.224507
0.830684, 	1.174584, 	0.516303, 	0.334872, 	0.496866, 	0.218851
0.831019, 	1.175081, 	0.516522, 	0.325768, 	0.483992, 	0.213192
0.831345, 	1.175565, 	0.516735, 	0.316660, 	0.471113, 	0.207531
0.831662, 	1.176036, 	0.516943, 	0.307548, 	0.458228, 	0.201867
0.831969, 	1.176494, 	0.517145, 	0.298433, 	0.445339, 	0.196201
0.832268, 	1.176939, 	0.517341, 	0.289314, 	0.432444, 	0.190533
0.832557, 	1.177372, 	0.517531, 	0.280192, 	0.419545, 	0.184863
0.832837, 	1.177791, 	0.517716, 	0.271067, 	0.406640, 	0.179191
0.833108, 	1.178198, 	0.517895, 	0.261939, 	0.393732, 	0.173517
0.833370, 	1.178592, 	0.518069, 	0.252808, 	0.380818, 	0.167840
0.833623, 	1.178972, 	0.518237, 	0.243674, 	0.367901, 	0.162162
0.833867, 	1.179340, 	0.518399, 	0.234538, 	0.354979, 	0.156482
0.834101, 	1.179695, 	0.518555, 	0.225398, 	0.342053, 	0.150800
0.834327, 	1.180037, 	0.518706, 	0.216256, 	0.329123, 	0.145117
0.834543, 	1.180367, 	0.518851, 	0.207112, 	0.316190, 	0.139432
0.834750, 	1.180683, 	0.518991, 	0.197965, 	0.303253, 	0.133745
0.834948, 	1.180986, 	0.519125, 	0.188816, 	0.290312, 	0.128057
0.835137, 	1.181276, 	0.519253, 	0.179665, 	0.277368, 	0.122367
0.835316, 	1.181554, 	0.519375, 	0.170511, 	0.264421, 	0.116676
0.835487, 	1.181818, 	0.519492, 	0.161356, 	0.251471, 	0.110983
0.835648, 	1.182069, 	0.519603, 	0.152199, 	0.238518, 	0.105290
0.835800, 	1.182308, 	0.519708, 	0.143040, 	0.225562, 	0.099595
0.835944, 	1.182534, 	0.519807, 	0.133880, 	0.212604, 	0.093899
0.836077, 	1.182746, 	0.519901, 	0.124718, 	0.199643, 	0.088201
0.836202, 	1.182946, 	0.519990, 	0.115554, 	0.186680, 	0.082503
0.836318, 	1.183132, 	0.520072, 	0.106389, 	0.173715, 	0.076804
0.836424, 	1.183306, 	0.520149, 	0.097223, 	0.160747, 	0.071104
0.836521, 	1.183467, 	0.520220, 	0.088055, 	0.147778, 	0.065403
0.836609, 	1.183615, 	0.520285, 	0.078887, 	0.134807, 	0.059701
0.836688, 	1.183749, 	0.520345, 	0.069717, 	0.121834, 	0.053999
0.836758, 	1.183871, 	0.520399, 	0.060547, 	0.108860, 	0.048296
0.836819, 	1.183980, 	0.520447, 	0.051376, 	0.095884, 	0.042592
0.836870, 	1.184076, 	0.520490, 	0.042204, 	0.082908, 	0.036888
0.836912, 	1.184159, 	0.520527, 	0.033032, 	0.069930, 	0.031183
0.836945, 	1.184229, 	0.520558, 	0.023859, 	0.056951, 	0.025478
0.836969, 	1.184286, 	0.520584, 	0.014686, 	0.043972, 	0.019772
0.836984, 	1.184330, 	0.520603, 	0.005513, 	0.030992, 	0.014067
0.836989, 	1.184361, 	0.520617, 	-0.003661, 	0.018011, 	0.008361
0.836985, 	1.184379, 	0.520626, 	-0.012834, 	0.005030, 	0.002655
0.836973, 	1.184384, 	0.520628, 	-0.022008, 	-0.007951, 	-0.003051
0.836951, 	1.184376, 	0.520625, 	-0.031181, 	-0.020932, 	-0.008758
0.836919, 	1.184355, 	0.520617, 	-0.040354, 	-0.033913, 	-0.014464
0.836879, 	1.184321, 	0.520602, 	-0.049527, 	-0.046894, 	-0.020170
0.836830, 	1.184274, 	0.520582, 	-0.058700, 	-0.059874, 	-0.025876
0.836771, 	1.184214, 	0.520556, 	-0.067872, 	-0.072854, 	-0.031582
0.836703, 	1.184141, 	0.520525, 	-0.077043, 	-0.085833, 	-0.037287
0.836626, 	1.184056, 	0.520487, 	-0.086213, 	-0.098812, 	-0.042992
0.836540, 	1.183957, 	0.520444, 	-0.095383, 	-0.111789, 	-0.048697
0.836444, 	1.183845, 	0.520396, 	-0.104551, 	-0.124766, 	-0.054401
0.836340, 	1.183720, 	0.520341, 	-0.113719, 	-0.137741, 	-0.060105
0.836226, 	1.183582, 	0.520281, 	-0.122886, 	-0.150715, 	-0.065808
0.836103, 	1.183432, 	0.520215, 	-0.132051, 	-0.163687, 	-0.071510
0.835971, 	1.183268, 	0.520144, 	-0.141215, 	-0.176658, 	-0.077212
0.835830, 	1.183091, 	0.520066, 	-0.150377, 	-0.189627, 	-0.082913
0.835680, 	1.182902, 	0.519984, 	-0.159538, 	-0.202594, 	-0.088613
0.835520, 	1.182699, 	0.519895, 	-0.168697, 	-0.215558, 	-0.094312
0.835351, 	1.182484, 	0.519801, 	-0.177855, 	-0.228521, 	-0.100010
0.835173, 	1.182255, 	0.519701, 	-0.187010, 	-0.241481, 	-0.105707
0.834986, 	1.182014, 	0.519595, 	-0.196164, 	-0.254439, 	-0.111403
0.834790, 	1.181759, 	0.519484, 	-0.205316, 	-0.267394, 	-0.117098
0.834585, 	1.181492, 	0.519366, 	-0.214465, 	-0.280347, 	-0.122792
0.834370, 	1.181211, 	0.519244, 	-0.223612, 	-0.293296, 	-0.128484
0.834147, 	1.180918, 	0.519115, 	-0.232757, 	-0.306242, 	-0.134175
0.833914, 	1.180612, 	0.518981, 	-0.241900, 	-0.319186, 	-0.139865
0.833672, 	1.180293, 	0.518841, 	-0.251040, 	-0.332125, 	-0.145553
0.833421, 	1.179961, 	0.518696, 	-0.260177, 	-0.345062, 	-0.151239
0.833161, 	1.179615, 	0.518544, 	-0.269311, 	-0.357994, 	-0.156924
0.832892, 	1.179258, 	0.518387, 	-0.278443, 	-0.370923, 	-0.162608
0.832613, 	1.178887, 	0.518225, 	-0.287572, 	-0.383848, 	-0.168289
0.832326, 	1.178503, 	0.518057, 	-0.296697, 	-0.396769, 	-0.173969
0.832029, 	1.178106, 	0.517883, 	-0.305820, 	-0.409686, 	-0.179647
0.831723, 	1.177696, 	0.517703, 	-0.314939, 	-0.422598, 	-0.185323
0.831408, 	1.177274, 	0.517518, 	-0.324055, 	-0.435506, 	-0.190998
0.831084, 	1.176838, 	0.517327, 	-0.333167, 	-0.448409, 	-0.196670
0.830751, 	1.176390, 	0.517130, 	-0.342276, 	-0.461307, 	-0.202340
0.830409, 	1.175928, 	0.516928, 	-0.351382, 	-0.474201, 	-0.208008
0.830057, 	1.175454, 	0.516720, 	-0.360483, 	-0.487089, 	-0.213673
0.829697, 	1.174967, 	0.516506, 	-0.369581, 	-0.499973, 	-0.219337
0.829327, 	1.174467, 	0.516286, 	-0.378674, 	-0.512850, 	-0.224998
0.828949, 	1.173954, 	0.516061, 	-0.387764, 	-0.525723, 	-0.230656
0.828561, 	1.173429, 	0.515831, 	-0.396849, 	-0.538590, 	-0.236312
0.828164, 	1.172890, 	0.515594, 	-0.405931, 	-0.551451, 	-0.241966
0.827758, 	1.172338, 	0.515352, 	-0.415007, 	-0.564306, 	-0.247617
0.827343, 	1.171774, 	0.515105, 	-0.424080, 	-0.577155, 	-0.253265
0.826919, 	1.171197, 	0.514852, 	-0.433148, 	-0.589998, 	-0.258911
0.826486, 	1.170607, 	0.514593, 	-0.442211, 	-0.602835, 	-0.264554
0.826044, 	1.170004, 	0.514328, 	-0.451269, 	-0.615665, 	-0.270194
0.825592, 	1.169388, 	0.514058, 	-0.460323, 	-0.628488, 	-0.275831
0.825132, 	1.168760, 	0.513782, 	-0.469372, 	-0.641305, 	-0.281465
0.824663, 	1.168119, 	0.513501, 	-0.478415, 	-0.654115, 	-0.287097
