
34.771900  56.875999  56.875999  56.875999  56.875999  56.875999  56.875999  56.875999  56.875999  56.875999  
12.667800  0.000000  0.000000  0.000000  0.000000  0.000000  0.000000  0.000000  0.000000  32.987782  
12.667800  0.000000  0.000000  0.000000  0.000000  0.000000  0.000000  0.000000  0.000000  32.987782  
12.667800  0.000000  0.000000  0.000000  0.000000  0.000000  0.000000  0.000000  0.000000  32.987782  
12.667800  0.000000  0.000000  0.000000  0.000000  0.000000  0.000000  0.000000  0.000000  32.987782  
12.667800  0.000000  0.000000  0.000000  0.000000  0.000000  0.000000  0.000000  0.000000  32.987782  
12.667800  0.000000  0.000000  0.000000  0.000000  0.000000  0.000000  0.000000  0.000000  32.987782  
12.667800  0.000000  0.000000  0.000000  0.000000  0.000000  0.000000  0.000000  0.000000  32.987782  
12.667800  0.000000  0.000000  0.000000  0.000000  0.000000  0.000000  0.000000  0.000000  32.987782  
15.614901  18.562000  18.562000  18.562000  18.562000  18.562000  18.562000  18.562000  18.562000  18.562000  